<CoordinateSystem> { Z-up } 
  <Group> "THIS IS MY BONE" {
    <Dart> { 1 }
    <Joint> Bone {
      <Transform> {
        <Matrix4> {
          1.0 -5.267078151405258e-08 1.557570783461415e-07 0.0 
          5.267078151405258e-08 -0.7947649359703064 -0.6069173812866211 0.0 
          1.557570783461415e-07 0.6069173812866211 -0.7947649955749512 0.0 
          -1.1492971181869507 0.5371267795562744 4.008734703063965 1.0 
        }
      }
      <Joint> Bone.001 {
        <Transform> {
          <Matrix4> {
            -1.0 -9.49476444134234e-08 -1.4731949704582803e-07 0.0 
            -8.327219802595209e-08 0.9970062971115112 -0.07732301950454712 0.0 
            1.542200891435641e-07 -0.0773230493068695 -0.9970062375068665 0.0 
            3.091511047159656e-08 0.5658226013183594 1.7126676965517618e-08 1.0 
          }
        }
        <Joint> Bone.002 {
          <Transform> {
            <Matrix4> {
              1.0 3.0206072096916614e-06 -4.206785433780169e-06 0.0 
              -3.7919328121915896e-08 0.8165403604507446 0.5772883296012878 0.0 
              5.178771061764564e-06 -0.5772882699966431 0.8165403604507446 0.0 
              3.804170312093902e-09 0.6962718367576599 1.6444165140683253e-08 1.0 
            }
          }
          <Joint> Bone.003 {
            <Transform> {
              <Matrix4> {
                1.0 6.002984775932418e-08 5.2082855290791485e-06 0.0 
                -4.475497007661033e-06 0.5214312076568604 0.8532934784889221 0.0 
                -2.6645391244528582e-06 -0.8532934784889221 0.5214310884475708 0.0 
                5.464414698508335e-09 0.817493736743927 5.208562470215838e-09 1.0 
              }
            }
            <Joint> Bone.004 {
              <Transform> {
                <Matrix4> {
                  -1.0 3.1090743846107216e-07 -2.548697750626161e-07 0.0 
                  2.7032271532334562e-08 0.6845354437828064 0.7289796471595764 0.0 
                  4.0111257249009213e-07 0.7289796471595764 -0.6845353841781616 0.0 
                  -1.5944651821087064e-08 0.8056201338768005 -1.1166743973944904e-07 1.0 
                }
              }
              <Joint> Bone.005 {
                <Transform> {
                  <Matrix4> {
                    -1.0 2.6775035166792804e-07 -6.820557985065534e-08 0.0 
                    1.8252117683914548e-07 0.8254691362380981 0.564447283744812 0.0 
                    2.0743254935950972e-07 0.5644473433494568 -0.8254690766334534 0.0 
                    -8.24950063815777e-09 0.327627956867218 6.918839545733135e-08 1.0 
                  }
                }
                <Joint> Bone.006 {
                  <Transform> {
                    <Matrix4> {
                      -0.9998403787612915 -0.006005218718200922 -0.016826406121253967 0.0 
                      -0.017865799367427826 0.3329027593135834 0.9427916407585144 0.0 
                      -6.011035293340683e-05 0.9429420232772827 -0.3329569399356842 0.0 
                      -0.4826878309249878 1.324864149093628 0.9436066746711731 1.0 
                    }
                  }
                  <Joint> Bone.007 {
                    <Transform> {
                      <Matrix4> {
                        0.9970463514328003 -0.0672236829996109 -0.03714633360505104 0.0 
                        0.07675936073064804 0.8886775374412537 0.4520624577999115 0.0 
                        0.002621810417622328 -0.45357847213745117 0.8912125825881958 0.0 
                        1.4901161193847656e-08 0.5162434577941895 4.788107617059723e-07 1.0 
                      }
                    }
                    <Joint> Bone.008 {
                      <Transform> {
                        <Matrix4> {
                          0.9993758201599121 0.015881923958659172 -0.031554605811834335 0.0 
                          -0.005258201155811548 0.9501662254333496 0.31169912219047546 0.0 
                          0.03493250906467438 -0.31133872270584106 0.9496569037437439 0.0 
                          -2.514570951461792e-08 0.3981952667236328 5.4249539971351624e-08 1.0 
                        }
                      }
                    }
                  }
                }
                <Joint> Bone.009 {
                  <Transform> {
                    <Matrix4> {
                      -0.9998403787612915 0.005891931708902121 0.01686738431453705 0.0 
                      0.017866726964712143 0.33290284872055054 0.9427917003631592 0.0 
                      -6.0333870351314545e-05 0.94294273853302 -0.33295494318008423 0.0 
                      0.47807660698890686 1.324864149093628 0.9436061382293701 1.0 
                    }
                  }
                  <Joint> Bone.010 {
                    <Transform> {
                      <Matrix4> {
                        0.9969527125358582 0.06227349117398262 0.046982187777757645 0.0 
                        -0.07681357115507126 0.8886774778366089 0.4520529806613922 0.0 
                        -0.01360110379755497 -0.4542841911315918 0.8907528519630432 0.0 
                        -1.0710209608078003e-07 0.5162435173988342 1.5779733075760305e-07 1.0 
                      }
                    }
                    <Joint> Bone.011 {
                      <Transform> {
                        <Matrix4> {
                          0.999697744846344 -0.015394417569041252 0.019167929887771606 0.0 
                          0.00865669921040535 0.9501661062240601 0.31162363290786743 0.0 
                          -0.023009981960058212 -0.31136348843574524 0.9500123262405396 0.0 
                          6.51925802230835e-08 0.3981948792934418 -1.1175870895385742e-08 1.0 
                        }
                      }
                    }
                  }
                }
              }
            }
          }
          <Joint> Bone.020 {
            <Transform> {
              <Matrix4> {
                -1.0428160521769314e-06 -0.981288731098175 0.19254232943058014 0.0 
                5.036592483520508e-06 -0.19254234433174133 -0.9812886714935303 0.0 
                1.0 -4.842878453814592e-08 5.155801773071289e-06 0.0 
                -0.29999735951423645 0.3183600604534149 -0.5221840739250183 1.0 
              }
            }
            <Joint> Bone.021 {
              <Transform> {
                <Matrix4> {
                  7.462885776021722e-08 2.6107876749392744e-08 -1.0 0.0 
                  -0.05231935530900955 0.9986306428909302 2.2351743567128324e-08 0.0 
                  0.9986305236816406 0.052319325506687164 7.60874172556214e-08 0.0 
                  1.4901162970204496e-08 0.8337441086769104 1.7763568394002505e-15 1.0 
                }
              }
              <Joint> Bone.022 {
                <Transform> {
                  <Matrix4> {
                    -1.0 -1.0775303849186457e-07 -8.597254463893478e-07 0.0 
                    -3.20914450568921e-09 0.9926906824111938 -0.12068536132574081 0.0 
                    8.664458732710045e-07 -0.12068536877632141 -0.9926907420158386 0.0 
                    3.9968028886505635e-15 0.5940461754798889 -2.9802322387695312e-08 1.0 
                  }
                }
                <Joint> Bone.023 {
                  <Transform> {
                    <Matrix4> {
                      1.0 -7.717289918218739e-08 -5.097575694890111e-07 0.0 
                      1.766643862310957e-07 0.9801662564277649 0.19817672669887543 0.0 
                      4.843533361054142e-07 -0.19817672669887543 0.9801663160324097 0.0 
                      -1.4210854715202004e-14 0.6575741767883301 -1.8626405307031746e-08 1.0 
                    }
                  }
                }
              }
            }
          }
          <Joint> Bone.024 {
            <Transform> {
              <Matrix4> {
                -1.0428160521769314e-06 -0.981288731098175 0.19254232943058014 0.0 
                5.036592483520508e-06 -0.19254234433174133 -0.9812886714935303 0.0 
                1.0 -4.842878453814592e-08 5.155801773071289e-06 0.0 
                0.36408352851867676 0.3183600604534149 -0.5221805572509766 1.0 
              }
            }
            <Joint> Bone.025 {
              <Transform> {
                <Matrix4> {
                  7.462885776021722e-08 2.6107876749392744e-08 -1.0 0.0 
                  -0.05231935530900955 0.9986306428909302 2.2351743567128324e-08 0.0 
                  0.9986305236816406 0.052319325506687164 7.60874172556214e-08 0.0 
                  -1.441748054276104e-09 0.8337440490722656 4.3674202032661924e-08 1.0 
                }
              }
              <Joint> Bone.026 {
                <Transform> {
                  <Matrix4> {
                    -1.0 -7.52743289922364e-08 -8.61692512899026e-07 0.0 
                    2.9269543233567674e-08 0.9926906824111938 -0.12068536132574081 0.0 
                    8.644788067613263e-07 -0.12068536877632141 -0.9926907420158386 0.0 
                    -2.4128384623622878e-08 0.5940461754798889 -1.1012637912699574e-08 1.0 
                  }
                }
                <Joint> Bone.027 {
                  <Transform> {
                    <Matrix4> {
                      1.0 -9.575815340667759e-08 -5.049814149060694e-07 0.0 
                      1.939344684842581e-07 0.9801662564277649 0.19817672669887543 0.0 
                      4.759886280680803e-07 -0.19817672669887543 0.9801663160324097 0.0 
                      -8.533554307632585e-09 0.6575741767883301 -1.635055468796054e-08 1.0 
                    }
                  }
                }
              }
            }
          }
        }
      }
      <Joint> Bone.012 {
        <Transform> {
          <Matrix4> {
            1.0 5.266990754648759e-08 1.5577337819649983e-07 0.0 
            6.865410284717655e-08 -0.9945284724235535 -0.10446739196777344 0.0 
            1.4940451364964247e-07 0.10446730256080627 -0.9945407509803772 0.0 
            3.09151211297376e-08 -1.0520820126203034e-07 -2.023647027726838e-09 1.0 
          }
        }
        <Joint> Bone.013 {
          <Transform> {
            <Matrix4> {
              1.0 -2.131530629084777e-14 1.2789595771334206e-13 0.0 
              5.5412698897732565e-14 0.962037205696106 -0.2729184925556183 0.0 
              -1.1722323415772062e-13 0.27291855216026306 0.962037205696106 0.0 
              1.1102230246251565e-14 0.3288372755050659 7.445691174723379e-09 1.0 
            }
          }
          <Joint> Bone.014 {
            <Transform> {
              <Matrix4> {
                1.0 6.505213034913027e-19 4.336808689942018e-19 0.0 
                4.271889746011266e-19 0.9587130546569824 -0.28437548875808716 0.0 
                -1.4282503706889195e-18 0.28437551856040955 0.9587130546569824 0.0 
                0.0 0.5316792130470276 -4.736877556865693e-12 1.0 
              }
            }
            <Joint> Bone.015 {
              <Transform> {
                <Matrix4> {
                  1.0 2.168404344971009e-19 -8.673617379884035e-19 0.0 
                  3.944304526105059e-31 0.9414764642715454 -0.33707892894744873 0.0 
                  -1.344243910501209e-23 0.33707892894744873 0.9414765238761902 0.0 
                  2.9802322387695312e-08 0.4870915710926056 -4.234834705130197e-12 1.0 
                }
              }
              <Joint> Bone.016 {
                <Transform> {
                  <Matrix4> {
                    1.0 -1.775244840018786e-07 -1.5962710619987774e-07 0.0 
                    -1.2343249977675441e-08 0.6292895078659058 -0.7771710157394409 0.0 
                    2.3841855067985307e-07 0.7771710157394409 0.6292895078659058 0.0 
                    -2.9802322387695312e-08 0.5710281729698181 -5.960782800684683e-08 1.0 
                  }
                }
                <Joint> Bone.017 {
                  <Transform> {
                    <Matrix4> {
                      1.0 -8.06577737932912e-09 2.3696335915701638e-07 0.0 
                      8.391985772959742e-08 0.9467664957046509 -0.32192087173461914 0.0 
                      -2.217524723846509e-07 0.3219209313392639 0.9467665553092957 0.0 
                      2.982215363545038e-08 0.5922544002532959 -1.311293686967474e-07 1.0 
                    }
                  }
                  <Joint> Bone.018 {
                    <Transform> {
                      <Matrix4> {
                        1.0 -3.694221106798068e-08 -2.3621298339548957e-07 0.0 
                        2.27307261901899e-09 0.9894147515296936 -0.1451151967048645 0.0 
                        2.3907347213025787e-07 0.14511516690254211 0.9894147515296936 0.0 
                        3.1576452563797375e-09 0.6980680823326111 -4.470135195333569e-08 1.0 
                      }
                    }
                    <Joint> Bone.019 {
                      <Transform> {
                        <Matrix4> {
                          -1.0 -6.260858498308153e-08 -1.1022930266335607e-06 0.0 
                          2.1159564767003758e-08 0.9971209764480591 -0.07583092898130417 0.0 
                          1.1038666798413033e-06 -0.07583089917898178 -0.9971206784248352 0.0 
                          3.0854714339056954e-08 0.517181396484375 -1.936857074724685e-08 1.0 
                        }
                      }
                    }
                  }
                }
              }
            }
          }
        }
      }
      <Joint> Bone.028 {
        <Transform> {
          <Matrix4> {
            2.893007433613093e-07 -0.9679869413375854 0.2510009706020355 0.0 
            -1.1920930376163597e-07 0.25100094079971313 0.9679868221282959 0.0 
            -0.9999999403953552 -2.9429796200020064e-07 -1.4901159417490817e-08 0.0 
            0.30768612027168274 0.6161049604415894 0.6105924844741821 1.0 
          }
        }
        <Joint> Bone.029 {
          <Transform> {
            <Matrix4> {
              3.1706468917036545e-07 8.24385963937857e-08 -0.9999999403953552 0.0 
              0.09282240271568298 0.9956825971603394 1.1175875158642157e-07 0.0 
              0.9956825971603394 -0.0928223729133606 3.0872112688484776e-07 0.0 
              -1.2831672613344836e-08 0.975125253200531 4.741664838547877e-10 1.0 
            }
          }
          <Joint> Bone.030 {
            <Transform> {
              <Matrix4> {
                1.0 6.087522308462212e-08 2.197269424186743e-07 0.0 
                -1.2008967154031325e-08 0.9764236211776733 -0.21586357057094574 0.0 
                -2.2768729479594185e-07 0.21586357057094574 0.9764236211776733 0.0 
                1.5475620784854982e-10 0.6417373418807983 -6.741636582319188e-08 1.0 
              }
            }
            <Joint> Bone.031 {
              <Transform> {
                <Matrix4> {
                  1.0 5.752435185968352e-07 1.8308670632904978e-06 0.0 
                  -7.521760636564068e-08 0.9650344848632812 -0.2621229588985443 0.0 
                  -1.9176343357685255e-06 0.2621229290962219 0.9650344252586365 0.0 
                  1.0453788945596898e-09 0.7366880178451538 -2.1211641332286035e-09 1.0 
                }
              }
            }
          }
        }
      }
      <Joint> Bone.032 {
        <Transform> {
          <Matrix4> {
            2.8930071493959986e-07 -0.9679868817329407 0.2510009706020355 0.0 
            -1.1920930376163597e-07 0.25100091099739075 0.9679867029190063 0.0 
            -0.9999998807907104 -2.6449563961250533e-07 8.94069742685133e-08 0.0 
            -0.3840644359588623 0.6161049604415894 0.6105925440788269 1.0 
          }
        }
        <Joint> Bone.033 {
          <Transform> {
            <Matrix4> {
              3.1933541322359815e-07 1.348150959756822e-07 -1.0 0.0 
              0.0928223729133606 0.9956825971603394 1.6391282997574308e-07 0.0 
              0.9956825971603394 -0.09282240271568298 3.0632492098447983e-07 0.0 
              1.135717297984229e-08 0.9751253128051758 -6.56497505246989e-08 1.0 
            }
          }
          <Joint> Bone.034 {
            <Transform> {
              <Matrix4> {
                1.0 -3.9756496761356175e-08 1.9800947370640642e-07 0.0 
                8.156222719435391e-08 0.9764233231544495 -0.21586355566978455 0.0 
                -1.8475913066140492e-07 0.21586355566978455 0.976423442363739 0.0 
                1.4670995085452887e-08 0.6417370438575745 -1.3089380246356086e-08 1.0 
              }
            }
            <Joint> Bone.035 {
              <Transform> {
                <Matrix4> {
                  1.0 6.648180033153039e-07 1.8701024373513064e-06 0.0 
                  -1.5137563025291456e-07 0.9650344848632812 -0.2621229290962219 0.0 
                  -1.978977024919004e-06 0.2621229290962219 0.9650344848632812 0.0 
                  4.946471676703368e-09 0.736688494682312 3.8791469592069916e-08 1.0 
                }
              }
            }
          }
        }
      }
    }
    <Joint> Bone.036 {
      <Transform> {
        <Matrix4> {
          1.0 -2.764540454336384e-07 1.1453986203946442e-08 0.0 
          3.924859015569382e-08 0.10075051337480545 -0.9949117302894592 0.0 
          2.738933631007967e-07 0.9949117302894592 0.10075056552886963 0.0 
          -1.1492971181869507 2.747718334197998 2.306562900543213 1.0 
        }
      }
    }
  }
